"118 595 597 591 568 354 716 334 338 445 210 580 372 481 553 364 370 240 631 248 180 156 132 609 188", 
"118 595 597 591 568 354 659 334 338 340 384 210 585 580 243 364 370 375 150 631 159 164 180 609 188", 
"118 595 597 591 354 688 407 338 415 400 368 392 421 373 210 451 427 220 147 652 628 312 288 264 242", 
"118 595 597 591 688 415 366 375 388 364 145 631 216 121 275 212 245 248 305 338 609 253 277 585 580", 
"118 595 597 592 568 474 355 716 454 460 465 627 621 210 363 368 392 632 608 603 180 485 189 553 577", 
"118 595 597 592 568 474 716 444 627 622 257 611 603 360 632 485 368 301 277 553 577 210 186 184 390", 
"118 595 597 592 568 475 716 445 627 622 257 611 603 365 632 485 301 277 553 577 210 186 184 395 368", 
"118 595 597 592 568 498 522 355 688 683 654 258 415 676 410 632 644 652 392 618 138 375 397 421 210", 
"118 595 597 592 568 355 716 712 707 627 265 242 601 489 485 360 632 608 396 368 374 392 180 190 213", 
"118 595 597 592 568 355 688 683 654 415 676 410 632 644 652 392 618 138 375 628 603 608 397 421 210", 
"118 595 597 592 568 355 688 683 654 415 676 410 632 644 392 585 580 340 618 138 375 608 397 421 210", 
"118 595 597 592 475 498 522 547 572 345 402 426 451 669 246 318 643 649 651 624 144 676 135 156 228", 
"118 595 597 592 475 498 522 547 572 345 402 426 451 669 318 643 315 649 338 624 145 622 216 225 230", 
"118 595 597 498 522 548 712 684 518 311 230 225 676 606 305 215 626 252 145 384 652 250 364 375 396", 
"118 595 597 498 522 354 688 518 338 415 607 431 673 246 425 210 451 243 373 397 631 270 291 649 312",
"118 595 597 355 716 712 689 225 295 127 151 247 366 390 255 374 364 398 459 454 491 220 215 485 245", 
"118 595 591 568 474 522 465 530 538 513 518 366 553 627 622 602 693 607 330 304 210 615 277 186 667", 
"118 595 591 568 474 522 465 530 538 513 518 366 553 693 607 330 304 210 246 156 132 615 277 186 667", 
"118 595 591 568 522 321 294 530 710 342 617 334 339 246 215 695 268 243 186 643 667 372 364 370 438", 
"118 595 591 568 407 294 400 670 186 162 291 372 693 159 650 560 555 364 370 330 210 132 615 609 246", 
"118 595 591 568 407 294 400 670 186 162 291 372 693 159 364 370 330 210 132 615 609 246 338 267 242", 
"118 595 591 479 571 407 234 665 395 481 577 186 162 213 240 336 451 427 267 626 144 652 142 312 288", 
"118 595 591 479 571 407 234 665 395 481 577 186 162 213 240 451 427 250 255 260 267 626 144 652 142", 
"118 595 591 522 679 530 518 204 553 607 703 183 190 316 246 633 255 260 268 243 360 370 375 398 670", 
"118 595 591 572 669 665 612 622 626 609 145 384 216 364 370 375 225 230 237 324 315 320 338 585 580", 
"118 595 591 572 669 665 612 626 609 144 384 651 135 364 370 375 676 156 228 585 580 237 324 320 246", 
"118 595 591 678 663 180 395 190 366 212 237 138 375 364 146 630 624 264 652 609 560 555 316 288 703", 
"118 595 591 678 676 580 481 553 240 288 648 248 633 609 360 703 370 375 447 718 235 186 212 195 200", 
"118 595 591 679 204 183 188 633 360 370 375 447 718 234 212 232 706 607 246 156 132 242 485 553 577", 
"118 595 591 407 400 670 186 162 372 388 364 370 652 628 144 312 288 264 321 242 228 710 706 342 338", 
"118 595 592 568 498 522 707 654 699 632 640 645 652 712 617 692 246 215 425 260 268 243 186 372 396", 
"118 595 592 474 523 571 679 616 438 529 390 481 577 204 366 195 216 168 164 620 260 257 306 314 304", 
"118 595 592 475 547 349 345 402 426 451 640 234 247 212 220 225 230 253 147 653 628 646 265 338 242", 
"118 595 592 475 547 349 345 402 426 451 640 234 247 212 253 162 138 147 653 628 646 265 186 338 242", 
"118 595 592 498 522 707 679 699 204 685 190 712 617 213 246 425 695 260 268 243 372 396 306 314 304", 
"118 595 592 571 349 345 665 395 481 577 234 355 247 271 213 220 225 230 425 147 373 397 385 652 628", 
"118 595 592 571 349 345 665 395 481 577 234 355 247 271 213 425 373 397 138 186 162 147 385 652 628", 
"118 595 592 349 345 683 234 355 247 271 676 410 213 230 585 580 340 388 425 209 243 373 397 415 685", 
"118 595 592 349 345 683 355 247 271 169 410 630 176 639 644 652 131 375 560 555 316 151 397 421 223", 
"118 595 592 349 345 234 355 247 271 213 220 230 425 121 147 209 373 397 245 385 415 685 338 585 580", 
"118 595 568 479 548 659 234 640 652 628 384 213 218 225 230 363 370 699 632 608 603 673 336 253 166", 
"118 595 568 479 548 659 234 640 384 213 218 225 230 363 370 699 632 608 673 585 580 340 336 253 166", 
"118 595 568 474 498 522 548 659 465 644 640 652 438 708 617 699 611 246 673 336 632 192 200 189 222", 
"118 595 568 474 548 326 321 311 639 716 304 131 366 444 535 627 622 151 563 176 171 257 166 555 316", 
"118 595 568 474 548 326 321 311 639 716 304 131 366 444 535 627 622 151 563 257 390 660 180 555 316", 
"118 595 568 474 548 311 639 304 210 690 330 131 366 716 151 444 535 627 622 390 660 180 563 257 555", 
"118 595 568 474 548 311 639 304 210 690 330 131 366 716 151 444 535 627 622 563 176 171 257 166 555", 
"118 595 479 475 498 234 383 407 427 451 506 230 264 626 209 243 250 255 260 652 415 685 604 699 673", 
"118 595 479 475 498 234 383 407 427 451 506 230 264 626 209 243 652 415 685 604 312 288 699 673 336", 
"118 595 479 498 522 572 444 235 330 663 441 142 338 154 390 127 125 240 417 147 655 652 633 312 288", 
"118 595 479 498 522 572 444 235 330 441 142 338 230 137 209 131 414 125 240 147 655 652 633 312 288", 
"118 595 479 498 522 444 715 235 436 441 699 461 673 631 360 408 275 388 417 246 248 652 255 260 243", 
"118 595 479 498 522 234 513 518 602 699 607 673 336 615 192 169 636 189 652 633 164 312 288 360 370", 
"118 595 479 498 522 234 513 518 602 699 607 673 250 615 192 169 636 189 652 633 164 360 260 255 370", 
"118 595 479 498 522 235 188 213 451 360 459 368 699 220 612 130 336 151 223 345 390 246 297 318 314", 
"118 595 479 498 522 235 213 451 630 360 459 652 699 220 312 288 672 336 121 688 600 240 205 414 233", 
"118 595 479 498 522 235 213 451 630 360 459 652 699 220 672 121 688 600 240 205 414 250 255 260 233", 
"118 595 479 547 571 444 714 234 366 390 230 364 132 156 208 295 247 606 255 628 277 535 265 285 292", 
"118 595 479 547 571 444 714 235 366 390 188 364 285 280 257 250 606 297 628 205 535 265 292 200 195", 
"118 595 479 547 571 366 464 390 364 230 459 454 132 156 208 295 247 606 255 628 277 535 265 285 292", 
"118 595 479 572 444 235 335 663 441 142 154 390 127 125 245 417 147 338 655 585 580 608 633 255 250", 
"118 595 479 572 444 235 335 441 142 230 137 209 131 414 125 245 147 338 655 585 580 608 633 255 250", 
"118 595 474 498 522 572 459 335 663 432 703 699 220 359 258 155 390 122 147 235 127 632 656 652 142", 
"118 595 474 498 522 572 459 335 663 432 703 699 220 359 258 155 390 235 127 366 636 612 652 656 632", 
"118 595 474 498 522 454 459 464 538 215 699 627 186 188 336 264 208 184 281 390 634 300 360 314 368", 
"118 595 474 498 522 459 432 699 216 673 237 192 168 408 715 355 618 258 626 615 250 144 384 652 271", 
"118 595 474 498 522 459 432 699 216 673 237 715 355 618 668 258 626 615 250 144 384 652 663 688 271", 
"118 595 474 498 522 460 388 408 432 652 624 145 616 621 168 192 216 237 714 355 699 258 672 250 271", 
"118 595 474 498 522 460 388 408 432 652 624 145 616 621 135 130 140 237 714 355 699 258 672 250 271", 
"118 595 474 498 522 460 388 432 652 624 145 616 621 216 237 714 355 699 258 672 250 688 663 668 271", 
"118 595 474 498 522 465 366 392 417 438 159 154 179 250 171 271 676 630 696 652 718 355 234 263 166", 
"118 595 474 498 522 465 366 392 438 155 222 126 232 237 715 355 618 642 668 258 652 656 632 683 676", 
"118 595 474 548 572 639 663 366 180 390 363 208 632 608 603 253 485 619 553 577 718 444 627 234 232", 
"118 595 474 548 306 639 314 321 304 131 366 555 228 342 604 151 420 390 180 447 398 208 627 622 257", 
"118 595 474 572 459 335 663 432 703 699 220 359 155 390 585 580 340 122 147 235 127 632 608 656 142", 
"118 595 474 572 459 335 663 432 703 699 220 359 155 390 585 580 340 235 127 366 636 612 656 632 608", 
"118 595 474 572 459 335 663 432 703 699 220 359 155 390 122 147 235 127 632 608 603 656 652 628 142", 
"118 595 474 572 459 335 663 432 703 699 220 359 155 390 235 127 366 636 612 652 656 632 628 603 608", 
"118 595 474 454 460 465 210 363 368 392 232 237 632 608 603 180 716 355 485 189 208 627 621 553 577", 
"118 595 474 459 432 699 216 673 585 580 340 237 192 168 408 715 355 618 626 608 615 144 384 250 271", 
"118 595 474 459 432 699 216 673 585 580 340 237 715 355 618 668 626 608 615 144 384 250 663 688 271", 
"118 595 474 459 432 699 216 673 237 192 168 408 715 355 618 626 628 603 608 615 144 384 652 250 271", 
"118 595 474 459 432 699 216 673 237 715 355 618 668 626 628 603 608 615 144 384 652 250 663 688 271", 
"118 595 474 460 388 408 432 652 628 624 145 603 608 616 621 168 192 216 250 237 271 714 355 699 672", 
"118 595 474 460 388 408 432 652 628 624 145 603 608 616 621 250 135 130 140 271 237 714 355 699 672", 
"118 595 474 460 388 408 432 624 145 608 616 621 168 192 216 250 237 271 714 355 699 672 585 580 340", 
"118 595 474 460 388 408 432 624 145 608 616 621 250 135 130 140 271 237 714 355 699 672 585 580 340", 
"118 595 474 460 388 432 652 628 624 145 603 608 616 621 216 250 237 271 714 355 699 672 688 663 668", 
"118 595 474 460 388 432 624 145 608 616 621 216 250 237 271 714 355 699 672 585 580 340 688 663 668", 
"118 595 474 465 366 392 438 155 222 126 232 237 715 355 618 642 668 628 603 608 652 656 632 683 676", 
"118 595 474 465 366 392 438 155 222 126 232 237 715 355 618 642 668 608 656 632 683 676 585 580 340", 
"118 595 475 498 522 548 572 538 663 626 718 445 159 155 395 656 652 235 611 246 683 632 676 697 703", 
"118 595 475 498 522 383 375 618 140 626 616 237 145 385 652 135 130 370 714 355 699 258 672 250 271", 
"118 595 475 498 522 383 375 618 140 626 616 237 145 385 652 714 355 699 712 258 672 250 688 663 271", 
"118 595 475 498 522 383 375 618 626 616 145 385 652 370 168 192 216 237 714 355 699 258 672 250 271", 
"118 595 475 498 522 378 388 370 375 652 624 144 615 620 718 355 234 258 218 250 699 271 673 192 168", 
"118 595 475 498 522 378 370 375 392 155 126 140 237 715 355 618 642 258 652 656 632 683 676 697 703", 
"118 595 475 498 522 407 400 670 718 618 642 355 234 652 656 632 258 225 232 683 126 151 676 410 395", 
"118 595 475 498 522 407 400 164 260 359 234 714 699 673 169 410 176 415 392 159 154 250 271 630 652", 
"118 595 475 498 522 402 412 392 400 679 676 155 659 295 697 223 127 652 246 271 260 634 359 235 715", 
"118 595 475 498 522 538 718 714 445 355 235 699 712 258 672 250 688 663 271 634 630 125 365 639 652", 
"118 595 475 498 522 538 718 714 445 355 235 699 258 672 250 271 634 630 125 365 639 652 135 130 370", 
"118 595 475 547 407 426 451 640 670 663 688 713 643 228 649 628 144 265 288 338 242 280 285 673 257", 
"118 595 475 547 407 426 451 640 164 663 688 713 138 257 228 147 237 212 653 628 265 288 338 242 673", 
"118 595 475 547 402 426 451 640 412 713 676 192 168 228 340 242 267 288 626 280 285 144 653 257 645", 
"118 595 475 547 402 426 451 640 635 659 608 653 628 145 253 250 646 265 216 338 242 225 230 237 212", 
"118 595 475 383 375 618 140 626 628 603 608 616 237 145 385 652 250 135 130 370 714 355 271 699 672", 
"118 595 475 383 375 618 140 626 628 603 608 616 237 145 385 652 250 714 355 271 699 712 672 688 663", 
"118 595 475 383 375 618 140 626 608 616 237 145 385 250 135 130 370 714 355 271 699 672 585 580 340", 
"118 595 475 383 375 618 140 626 608 616 237 145 385 250 714 355 271 699 712 672 585 580 340 688 663", 
"118 595 475 383 375 618 626 628 603 608 616 145 385 652 250 370 168 192 216 271 237 714 355 699 672", 
"118 595 475 383 375 618 626 608 616 145 385 250 370 168 192 216 271 237 714 355 699 672 585 580 340", 
"118 595 475 378 388 370 375 652 628 624 144 603 608 615 620 250 718 271 355 234 218 699 673 192 168", 
"118 595 475 378 388 370 375 624 144 608 615 620 250 718 271 355 234 218 699 673 585 580 340 192 168", 
"118 595 475 378 388 370 375 417 685 205 228 237 212 218 304 699 277 275 673 585 580 340 247 243 253", 
"118 595 475 378 370 375 392 155 126 140 237 715 355 618 642 628 603 608 652 656 632 683 676 697 703", 
"118 595 475 378 370 375 392 155 126 140 237 715 355 618 642 608 656 632 683 676 585 580 340 697 703", 
"118 595 475 407 426 451 164 440 260 255 257 417 250 685 205 708 228 699 673 585 580 340 562 243 649", 
"118 595 475 407 426 451 164 440 257 417 685 205 708 228 699 673 585 580 340 336 562 243 288 312 649", 
"118 595 475 407 400 670 718 618 642 355 234 628 603 608 652 656 632 225 232 683 126 151 676 410 395", 
"118 595 475 407 400 670 718 618 642 355 234 608 656 632 225 232 683 126 151 676 410 395 585 580 340", 
"118 595 498 522 547 572 538 366 330 663 627 622 444 374 364 338 344 180 159 154 390 318 228 208 294", 
"118 595 498 522 548 572 692 215 425 237 372 396 388 412 417 652 624 676 205 602 697 233 240 250 271", 
"118 595 498 522 548 572 692 215 425 237 372 396 388 656 652 624 145 295 205 218 246 271 233 699 225", 
"118 595 498 522 518 606 702 621 626 602 699 375 652 240 673 336 397 312 288 272 185 633 209 228 415", 
"118 595 498 522 518 606 702 621 626 602 699 375 652 240 673 397 250 255 260 272 185 633 209 228 415", 
"118 595 498 522 518 606 702 699 673 679 654 295 633 652 246 360 255 260 370 375 392 397 155 222 126", 
"118 595 498 522 518 606 703 627 228 264 176 171 144 237 212 415 676 366 392 375 364 397 630 652 288", 
"118 595 498 522 518 606 626 145 384 652 364 375 631 396 275 185 660 246 233 669 676 225 190 212 237", 
"118 595 498 522 518 607 703 161 228 154 395 237 212 417 366 179 375 364 171 397 630 676 164 652 288", 
"118 595 498 522 518 435 431 388 412 425 210 652 676 373 397 230 237 209 355 415 685 258 243 250 271", 
"118 595 498 523 547 572 490 612 366 669 587 609 375 364 190 674 396 237 200 195 324 320 246 297 205", 
"118 595 498 523 547 617 366 609 250 161 374 364 297 155 390 646 222 237 212 220 716 691 622 699 340", 
"118 595 547 636 366 464 555 632 375 230 225 577 275 396 421 340 697 672 585 247 215 220 606 237 355", 
"118 595 547 636 366 464 555 632 375 577 275 396 421 340 697 672 585 247 215 606 237 138 162 186 355", 
"118 595 547 366 555 374 364 560 645 459 618 432 703 608 255 276 285 290 297 683 408 392 155 126 140", 
"118 595 571 395 481 577 368 601 365 632 608 388 656 652 628 204 189 162 400 421 373 210 232 237 355", 
"118 595 571 395 481 577 368 696 135 130 718 692 208 355 425 659 295 373 397 652 628 145 385 247 271", 
"118 595 572 335 667 665 396 491 689 712 485 245 295 204 438 247 190 447 436 255 138 162 461 360 374", 
"118 596 591 568 564 474 326 321 294 659 715 272 144 384 667 691 693 180 662 136 420 510 698 246 156", 
"118 596 591 568 564 474 321 294 654 470 230 711 706 342 372 398 447 334 339 491 215 225 220 484 240", 
"118 596 591 568 564 474 321 294 654 470 711 706 342 372 398 447 334 339 491 215 484 240 138 162 186", 
"118 596 591 568 479 506 501 325 617 348 609 156 132 339 431 314 223 451 631 360 180 662 637 481 489", 
"118 596 591 568 474 506 496 466 533 253 553 366 708 438 162 138 693 330 304 210 277 186 667 491 484", 
"118 596 591 568 474 506 496 466 533 253 553 366 708 438 693 330 304 210 277 220 225 230 667 491 484", 
"118 596 591 568 474 407 659 454 186 162 652 629 427 210 621 611 647 603 632 639 484 240 614 577 336", 
"118 596 591 568 474 326 321 466 716 553 366 444 534 316 514 489 484 240 669 248 281 186 156 132 301", 
"118 596 591 568 474 326 321 716 444 534 627 622 514 175 489 484 601 198 227 360 632 607 314 301 309", 
"118 596 591 568 474 321 470 230 711 706 342 372 398 447 334 339 491 309 304 215 314 225 220 484 240", 
"118 596 591 568 474 321 470 711 706 342 372 398 447 334 339 491 309 304 215 314 484 240 138 162 186", 
"118 596 591 568 474 659 464 652 624 145 384 438 708 230 225 603 693 510 489 484 240 330 309 304 215", 
"118 596 591 568 326 321 659 230 711 706 651 156 183 154 662 638 633 604 240 698 693 425 515 373 646", 
"118 596 591 564 479 415 506 501 496 235 366 393 213 481 489 674 648 288 200 195 218 703 342 318 230", 
"118 596 591 564 479 415 501 235 366 393 260 617 522 186 213 282 195 200 290 280 218 703 700 648 677", 
"118 596 591 564 479 415 410 407 671 330 692 338 344 674 318 230 648 288 200 195 644 618 603 510 240", 
"118 596 591 564 479 415 410 496 234 368 393 255 516 213 220 232 636 276 168 192 644 650 285 290 677", 
"118 596 591 564 479 415 407 542 548 560 442 393 162 454 306 282 644 154 160 427 316 292 240 336 649", 
"118 596 591 564 479 415 496 235 366 393 255 606 516 213 276 285 290 292 200 195 677 648 218 703 230", 
"118 596 591 564 479 415 235 366 393 213 481 240 600 510 489 674 648 288 200 195 218 703 342 318 230", 
"118 596 591 564 479 542 548 454 306 282 644 639 427 316 516 223 220 336 514 147 168 192 489 484 240", 
"118 596 591 564 479 715 622 667 692 260 255 491 484 245 510 664 275 180 248 195 200 218 147 223 384", 
"118 596 591 564 479 235 188 213 667 285 280 491 484 245 600 510 664 626 275 185 145 384 233 218 225", 
"118 596 591 564 474 685 680 662 659 651 384 288 677 670 691 420 510 602 698 240 150 336 312 160 165", 
"118 596 591 564 474 685 680 662 659 651 384 677 670 691 420 510 602 698 240 150 250 255 260 160 165", 
"118 596 591 564 474 685 713 636 662 230 651 634 288 200 677 360 227 179 629 264 718 444 534 235 212", 
"118 596 591 564 474 506 496 265 533 253 255 250 242 616 708 438 162 260 489 484 366 636 170 192 216", 
"118 596 591 564 474 506 496 265 533 253 288 312 336 242 616 708 438 162 489 484 366 636 170 192 216", 
"118 596 591 564 474 680 702 716 444 534 514 489 484 240 674 669 250 200 195 190 318 342 127 366 135", 
"118 596 591 564 474 407 548 454 186 162 306 282 644 639 427 210 619 614 611 626 603 484 240 577 336", 
"118 596 591 564 474 560 470 587 372 581 340 336 363 268 288 312 630 607 609 175 645 614 198 222 622", 
"118 596 591 564 474 560 470 587 372 581 340 363 268 630 607 609 175 645 250 614 198 222 622 260 255", 
"118 596 591 564 474 560 470 587 373 581 336 696 674 646 345 706 711 649 246 318 611 616 135 156 228", 
"118 596 591 564 474 459 432 703 220 342 318 147 192 384 200 183 190 662 270 481 240 510 489 248 670", 
"118 596 591 564 474 464 438 708 230 225 718 693 183 662 275 481 245 600 510 489 622 626 669 145 384", 
"118 596 591 564 474 464 438 708 230 225 183 662 275 481 245 600 510 489 626 669 145 384 285 280 190", 
"118 596 591 564 685 415 542 661 669 644 138 375 147 135 651 156 228 676 237 324 320 246 242 510 518", 
"118 596 591 479 506 501 407 496 626 260 621 255 250 145 652 218 557 461 699 464 454 581 230 225 481", 
"118 596 591 479 506 501 407 496 626 621 145 652 218 557 312 288 461 699 464 454 581 336 230 225 481", 
"118 596 591 479 506 407 234 264 626 533 186 162 213 242 250 255 260 144 652 451 427 484 142 557 577", 
"118 596 591 479 506 407 234 264 626 533 186 162 213 242 144 652 451 427 484 142 557 312 288 577 336", 
"118 596 591 479 407 186 162 159 132 250 246 142 147 255 260 242 652 510 484 557 577 464 697 461 454", 
"118 596 591 479 407 186 162 159 132 246 142 147 242 652 510 484 557 312 288 577 464 336 697 461 454", 
"118 596 591 506 501 626 620 617 145 384 652 647 609 250 192 364 375 342 200 190 350 338 223 581 481", 
"118 596 592 568 564 474 414 702 659 543 560 393 711 651 277 634 438 616 290 644 285 608 135 156 228", 
"118 596 592 568 564 474 414 702 543 560 393 711 277 438 616 612 190 285 135 130 366 608 203 195 290", 
"118 596 592 568 564 474 414 702 543 560 393 711 277 438 616 285 135 131 366 263 228 245 257 268 292", 
"118 596 592 568 564 475 415 702 659 543 383 368 694 699 145 385 375 140 135 130 335 340 242 510 519", 
"118 596 592 568 564 475 415 702 659 543 383 368 694 699 145 385 375 335 340 168 192 216 242 510 519", 
"118 596 592 568 564 685 414 707 543 562 712 661 699 220 372 230 225 335 692 340 215 242 510 519 538", 
"118 596 592 568 564 685 414 707 543 562 712 661 699 372 335 692 340 215 242 138 162 186 510 519 538", 
"118 596 592 564 474 414 506 393 533 481 577 616 438 366 636 645 622 260 257 162 282 306 170 192 216", 
"118 596 592 564 474 414 345 702 560 393 247 318 711 611 310 315 438 616 287 292 135 644 649 156 228", 
"118 596 568 474 414 655 466 393 608 632 366 253 301 277 162 138 619 210 330 186 444 535 625 340 442", 
"118 596 568 474 414 655 466 393 608 632 366 253 301 277 619 210 330 444 535 625 220 225 230 340 442", 
"118 596 568 326 321 654 355 230 711 707 632 638 132 612 699 366 130 608 673 585 581 340 375 397 421", 
"118 596 564 479 415 560 234 442 366 393 213 218 225 230 363 179 630 608 171 265 253 255 250 166 260", 
"118 596 564 479 415 560 234 442 366 393 213 218 225 230 363 179 630 608 171 265 253 288 312 336 166", 
"118 596 564 474 689 414 560 659 295 205 393 651 247 228 137 156 290 611 255 614 277 708 438 644 285", 
"118 596 564 474 414 393 398 674 669 290 200 195 285 280 190 127 257 366 614 135 250 610 438 447 422", 
"118 596 564 474 414 393 398 674 669 290 200 195 127 366 614 135 438 447 422 622 718 693 257 250 610", 
"118 596 564 475 415 506 501 548 393 626 311 282 481 145 385 655 215 489 217 703 608 237 400 225 230", 
"118 596 564 475 415 560 407 442 393 400 164 708 260 255 257 250 611 365 630 412 169 265 175 222 230", 
"118 596 564 475 415 560 407 442 393 400 164 708 257 611 365 630 412 169 265 175 288 312 336 222 230", 
"118 596 564 475 415 560 442 393 513 713 664 695 425 228 270 180 280 285 290 194 257 168 410 388 144", 
"118 596 564 475 415 368 393 135 130 481 245 510 489 519 669 400 253 250 610 659 702 145 385 718 693", 
